0.502913 7134 996.952
0.502913 7015 996.969
0.500971 6886 996.975
0.500971 6875 997.053
0.500971 6873 997.073
0.500971 6799 997.09
0.500971 6798 997.095
0.500971 6790 997.504
0.500971 6782 997.659
0.499029 6647 997.757
0.499029 6642 997.765
0.499029 6455 997.781
0.499029 6249 997.824
0.499029 6211 997.827
0.499029 6199 997.867
0.499029 6192 997.875
0.499029 6156 997.887
0.495146 5920 997.903
0.495146 5908 997.904
0.487379 5636 997.908
0.487379 5602 997.91
0.483495 5304 997.912
0.483495 5270 997.917
0.475728 5054 997.935
0.475728 5052 997.94
0.475728 5035 998.338
0.475728 5021 998.416
0.475728 5009 998.418
0.467961 4768 998.464
0.467961 4728 998.468
0.467961 4726 998.478
0.467961 4725 998.498
0.467961 4598 998.508
0.464078 4327 998.529
0.464078 4321 998.589
0.458252 4148 998.599
0.458252 4134 998.603
0.458252 4114 998.608
0.458252 4086 998.614
0.458252 4081 998.631
0.458252 3791 998.645
0.458252 3784 998.651
0.458252 3763 998.67
0.458252 3747 998.689
0.456311 3662 998.696
0.456311 3658 998.705
0.450485 3408 998.706
0.450485 3407 998.709
0.450485 3406 998.713
0.450485 3398 998.714
0.450485 3397 998.719
0.450485 3389 998.72
0.450485 3383 998.726
0.450485 3379 998.731
0.450485 3373 998.732
0.450485 3372 998.733
0.450485 3371 998.736
0.438835 3195 998.738
0.43301 2908 998.74
0.419417 2796 998.744
0.419417 2780 998.747
0.417476 2691 998.749
0.409709 2407 998.754
0.409709 2402 998.755
0.409709 2397 998.765
0.409709 2389 998.768
0.409709 2381 999.183
0.409709 2091 999.28
0.407767 2027 999.307
0.407767 1969 999.31
0.407767 1939 999.315
0.407767 1913 999.319
0.405825 1850 999.329
0.405825 1846 999.346
0.403883 1841 999.348
0.403883 1836 1000.03
0.403883 1829 1000.04
0.398058 1542 1000.06
0.390291 1267 1000.09
0.390291 1260 1000.1
0.390291 1259 1000.11
0.38835 1236 1000.14
0.384466 1139 1000.15
0.382524 1088 1000.16
0.382524 1080 1000.18
0.378641 1026 1000.88
0.370874 999 1000.89
0.36699 965 1000.9
0.339806 836 1000.94
0.291262 614 1000.95
0.287379 571 1000.98
0.267961 535 1000.99
0.201942 467 1001.01
0.176699 176 1001.8
0.176699 172 1001.81
0.120388 157 1001.83
0.114563 150 1002.59
0.106796 146 1002.62
0.100971 145 1002.63
