0.424858 7134
0.424272 7015
0.422536 6886
0.422509 6875
0.422509 6873
0.422461 6799
0.422461 6798
0.422461 6790
0.422461 6782
0.421385 6647
0.421385 6642
0.418562 6455
0.414818 6249
0.414792 6211
0.414783 6199
0.414783 6192
0.414253 6156
0.409854 5920
0.409851 5908
0.404379 5636
0.404174 5602
0.402553 5304
0.402553 5270
0.397422 5054
0.397422 5052
0.397404 5035
0.397404 5021
0.397404 5009
0.38971 4768
0.389504 4728
0.389504 4726
0.389504 4725
0.388133 4598
0.382625 4327
0.382625 4321
0.376707 4148
0.376703 4134
0.376688 4114
0.376602 4086
0.376532 4081
0.37543 3791
0.37543 3784
0.375411 3763
0.375201 3747
0.374395 3662
0.374323 3658
0.366133 3408
0.366133 3407
0.366133 3406
0.365943 3398
0.365943 3397
0.365889 3389
0.365784 3383
0.365784 3379
0.365784 3373
0.365784 3372
0.365784 3371
0.355915 3195
0.348923 2908
0.341703 2796
0.341311 2780
0.339034 2691
0.329927 2407
0.329927 2402
0.329902 2397
0.329832 2389
0.329765 2381
0.328486 2091
0.32729 2027
0.327107 1969
0.326984 1939
0.326714 1913
0.324685 1850
0.324532 1846
0.323597 1841
0.323505 1836
0.323243 1829
0.316857 1542
0.303579 1267
0.303166 1260
0.303166 1259
0.30215 1236
0.299468 1139
0.298188 1088
0.297986 1080
0.296644 1026
0.29278 999
0.29058 965
0.268649 836
0.237643 614
0.235957 571
0.226416 535
0.180841 467
0.144713 176
0.144713 172
0.10861 157
0.104536 150
0.0993714 146
0.0946189 145
