0.430992 73501
0.430992 73500
0.430992 73494
0.430987 73472
0.430947 73454
0.430913 73390
0.430727 73205
0.430727 73204
0.430668 73054
0.430668 73052
0.430668 73047
0.430661 72938
0.430488 72809
0.430061 72482
0.430036 72356
0.429596 71547
0.429371 71074
0.42936 71042
0.42936 71035
0.429338 70965
0.429239 70415
0.429122 70323
0.429122 70322
0.429122 70314
0.429122 70313
0.428884 70014
0.428816 69898
0.428816 69873
0.428811 69863
0.428388 69627
0.428243 69537
0.428243 69536
0.427878 69080
0.427584 68848
0.427471 68770
0.427364 68634
0.426838 68346
0.426778 68030
0.426778 68029
0.426758 67962
0.426729 67928
0.426729 67923
0.426727 67903
0.426727 67902
0.426222 67541
0.426222 67528
0.425585 66915
0.425585 66885
0.425585 66876
0.425585 66875
0.425089 66590
0.424859 66325
0.424486 66119
0.42417 65799
0.42417 65798
0.42417 65797
0.42417 65793
0.423666 65537
0.423639 65477
0.423593 65389
0.423326 65125
0.423326 65120
0.423248 65006
0.42219 64010
0.422187 63972
0.42164 63338
0.42164 63337
0.421335 63033
0.421099 62535
0.421099 62530
0.419923 61251
0.41992 61222
0.419427 60672
0.419427 60671
0.418559 60126
0.418559 60123
0.418515 60107
0.418515 60085
0.417831 59525
0.417831 59524
0.417395 59235
0.417234 58932
0.417054 58666
0.416119 58231
0.416001 58076
0.416001 58073
0.41477 57432
0.414604 57357
0.414319 57041
0.414093 56929
0.413228 56163
0.413228 56141
0.412648 55883
0.412646 55866
0.412646 55861
0.412616 55748
0.412616 55732
0.412606 55676
0.412606 55658
0.412606 55644
0.412606 55630
0.412606 55629
0.412604 55622
0.412604 55621
0.412604 55609
0.41225 55418
0.412248 55403
0.412248 55402
0.412248 55398
0.412248 55375
0.41219 55244
0.41219 55232
0.411424 54991
0.41142 54958
0.411365 54936
0.411365 54935
0.41122 54797
0.41122 54794
0.411171 54719
0.411163 54704
0.411163 54701
0.410815 54437
0.410616 54136
0.410594 54089
0.410594 54087
0.410428 53804
0.410163 53637
0.410163 53620
0.410163 53596
0.410144 53564
0.410038 53445
0.409768 53045
0.409099 52712
0.409099 52711
0.409057 52625
0.40859 52353
0.408473 52281
0.408473 52272
0.408234 52035
0.40822 51975
0.408204 51951
0.408204 51949
0.407912 51741
0.407594 51475
0.407594 51474
0.407571 51448
0.40692 51173
0.40692 51172
0.40692 51169
0.40692 51165
0.40683 51101
0.406681 51009
0.406414 50886
0.406394 50828
0.406385 50800
0.40589 50617
0.40589 50603
0.40589 50602
0.405877 50583
0.40587 50570
0.40587 50569
0.405611 50273
0.405611 50272
0.405611 50266
0.405611 50264
0.405611 50261
0.405426 50147
0.405146 49973
0.405146 49966
0.405042 49667
0.404189 48989
0.403838 48657
0.403836 48644
0.403529 48510
0.403524 48492
0.403378 48162
0.403032 47873
0.402875 47689
0.402419 47327
0.401839 46879
0.401528 46610
0.401418 46601
0.401182 46475
0.401182 46472
0.400874 46199
0.400811 46060
0.400503 45780
0.400495 45765
0.400495 45764
0.400495 45763
0.400355 45521
0.40016 45177
0.399389 44771
0.399389 44769
0.398452 44455
0.398004 44148
0.398003 44131
0.397067 43930
0.396982 43600
0.396234 43013
0.396234 42997
0.396019 42702
0.393332 41741
0.39331 41670
0.392924 41225
0.392889 41165
0.392661 40931
0.392637 40912
0.392225 40584
0.391055 39912
0.390337 39688
0.388296 39163
0.386655 38733
0.384183 37717
0.384183 37713
0.383894 37566
0.383877 37535
0.382577 37191
0.382572 37177
0.381639 36730
0.379876 36213
0.3783 35669
0.3783 35665
0.378216 35580
0.377917 35384
0.377356 35206
0.376556 34949
0.375851 34733
0.374108 34018
0.373566 33676
0.373552 33672
0.373301 33340
0.373109 33195
0.372107 32821
0.372064 32785
0.370106 32364
0.36955 32153
0.368659 32038
0.368659 32023
0.368653 32014
0.368649 32009
0.367988 31732
0.367923 31721
0.365832 31446
0.365805 31433
0.365803 31408
0.365803 31405
0.365148 31156
0.364722 30773
0.364722 30765
0.364346 30465
0.364077 30378
0.364077 30377
0.363583 30207
0.363451 30160
0.363439 30123
0.363439 30122
0.363406 30089
0.363406 30087
0.363406 30084
0.361891 29832
0.361891 29828
0.361891 29827
0.36113 29637
0.360157 29309
0.359214 29022
0.357226 28798
0.356715 28627
0.356709 28587
0.356703 28570
0.356533 28540
0.356524 28518
0.356484 28397
0.355361 27830
0.353778 27473
0.352587 27085
0.352468 27021
0.352468 27010
0.351729 26727
0.351716 26693
0.35162 26679
0.351428 26570
0.350867 26242
0.350486 26091
0.350305 26064
0.350305 26063
0.350296 26052
0.350295 26051
0.350294 26022
0.350276 25964
0.349557 25761
0.34896 25387
0.34896 25386
0.34883 25351
0.348591 25310
0.348564 25280
0.348135 25164
0.348135 25158
0.348135 25157
0.34723 24831
0.346315 24635
0.344318 24476
0.344224 24471
0.342155 24083
0.341296 23755
0.34108 23445
0.340884 23320
0.340499 23260
0.340044 23215
0.339901 23209
0.3399 23200
0.3399 23164
0.339494 23126
0.339489 23126
0.339489 23120
0.339489 23110
0.339484 23109
0.339476 23099
0.338346 22898
0.338013 22819
0.338013 22816
0.33706 22676
0.336196 22587
0.336196 22583
0.336196 22582
0.336196 22581
0.335483 22475
0.334379 22258
0.332076 21993
0.329869 21649
0.329675 21603
0.328644 21231
0.321885 20043
0.320905 19829
0.31806 19505
0.316278 18809
0.310914 18327
0.30413 16819
0.298515 16100
0.29413 15574
0.280996 14498
0.278343 13699
0.277318 13426
0.273482 13119
0.272818 12945
0.27144 12544
0.271107 12516
0.270629 12468
0.27047 12389
0.270042 12362
0.270042 12358
0.27003 12345
0.267381 12084
0.267188 12058
0.267188 12057
0.261685 11427
0.25506 10585
0.24416 10124
0.243455 9936
0.241317 9614
0.237778 9135
0.226112 7780
0.22564 7724
0.223408 7447
0.21109 6682
0.199281 6006
0.187133 5653
0.186962 5629
0.182019 5275
0.182018 5271
0.181921 5223
0.180648 4942
0.180551 4909
0.180551 4908
0.180551 4907
0.171107 4484
0.163871 3932
0.163731 3887
0.150246 3212
0.137635 2492
0.130818 2266
0.130692 2247
0.130562 2247
0.120576 1711
0.116722 1678
0.11619 1636
0.116086 1620
0.115943 1617
0.104803 1331
0.0988184 1181
0.0964158 1096
0.0692365 631
0.0584948 517
0.0561083 476
0.0477157 445
0.030928 260
0.0288766 230
0.0277865 191
0.0276675 186
0.0113465 38
0.00967253 35
0.002906 4
