0.515954 73501 996.251
0.515954 73500 996.722
0.515954 73494 996.773
0.515954 73472 996.837
0.515954 73454 996.913
0.515761 73390 996.919
0.515761 73205 996.933
0.515761 73204 996.952
0.515761 73054 996.956
0.515761 73052 996.958
0.515761 73047 996.961
0.515761 72938 996.969
0.515568 72809 996.975
0.514987 72482 997.053
0.514794 72356 997.065
0.514601 71547 997.073
0.514407 71074 997.081
0.514407 71042 997.084
0.514407 71035 997.09
0.514407 70965 997.095
0.514407 70415 997.097
0.514407 70323 997.482
0.514407 70322 997.504
0.514407 70314 997.506
0.514407 70313 997.513
0.514214 70014 997.541
0.514214 69898 997.561
0.514214 69873 997.571
0.514214 69863 997.594
0.513827 69627 997.601
0.513634 69537 997.621
0.513634 69536 997.635
0.51344 69080 997.654
0.51344 68848 997.657
0.513054 68770 997.659
0.51286 68634 997.669
0.512087 68346 997.71
0.512087 68030 997.733
0.512087 68029 997.739
0.512087 67962 997.742
0.512087 67928 997.757
0.512087 67923 997.76
0.512087 67903 997.762
0.512087 67902 997.765
0.511893 67541 997.768
0.511893 67528 997.771
0.51112 66915 997.772
0.51112 66885 997.774
0.51112 66876 997.775
0.51112 66875 997.778
0.510733 66590 997.779
0.51054 66325 997.781
0.51054 66119 997.785
0.510346 65799 997.793
0.510346 65798 997.795
0.510346 65797 997.799
0.510346 65793 997.804
0.509766 65537 997.805
0.509766 65477 997.808
0.509766 65389 997.81
0.509766 65125 997.813
0.509766 65120 997.816
0.509766 65006 997.821
0.508992 64010 997.824
0.508992 63972 997.827
0.508799 63338 997.835
0.508799 63337 997.867
0.508219 63033 997.875
0.508219 62535 997.886
0.508219 62530 997.887
0.507252 61251 997.892
0.507252 61222 997.894
0.507059 60672 997.895
0.507059 60671 997.897
0.506092 60126 997.899
0.506092 60123 997.902
0.505898 60107 997.903
0.505898 60085 997.904
0.505125 59525 997.905
0.505125 59524 997.908
0.504545 59235 997.91
0.504158 58932 997.911
0.503964 58666 997.912
0.503191 58231 997.913
0.502997 58076 997.916
0.502997 58073 997.917
0.501837 57432 997.918
0.501644 57357 997.919
0.501257 57041 997.924
0.50087 56929 997.926
0.499903 56163 997.927
0.499903 56141 997.935
0.499323 55883 997.94
0.499323 55866 998.302
0.499323 55861 998.311
0.499323 55748 998.322
0.499323 55732 998.333
0.499323 55676 998.334
0.499323 55658 998.336
0.499323 55644 998.338
0.499323 55630 998.339
0.499323 55629 998.348
0.499323 55622 998.359
0.499323 55621 998.37
0.499323 55609 998.373
0.498936 55418 998.382
0.498936 55403 998.385
0.498936 55402 998.388
0.498936 55398 998.392
0.498936 55375 998.411
0.498743 55244 998.416
0.498743 55232 998.418
0.497969 54991 998.421
0.497969 54958 998.423
0.497969 54936 998.426
0.497969 54935 998.433
0.497969 54797 998.438
0.497969 54794 998.441
0.497776 54719 998.443
0.497776 54704 998.45
0.497776 54701 998.453
0.497389 54437 998.455
0.497389 54136 998.464
0.497389 54089 998.468
0.497389 54087 998.478
0.497389 53804 998.48
0.497003 53637 998.482
0.497003 53620 998.489
0.497003 53596 998.491
0.497003 53564 998.493
0.496809 53445 998.498
0.496616 53045 998.508
0.496036 52712 998.526
0.496036 52711 998.529
0.495842 52625 998.531
0.495262 52353 998.542
0.495262 52281 998.543
0.495262 52272 998.557
0.495069 52035 998.566
0.495069 51975 998.57
0.495069 51951 998.58
0.495069 51949 998.582
0.494875 51741 998.583
0.494875 51475 998.585
0.494875 51474 998.586
0.494875 51448 998.589
0.494102 51173 998.591
0.494102 51172 998.594
0.494102 51169 998.597
0.494102 51165 998.599
0.493908 51101 998.603
0.493715 51009 998.604
0.493135 50886 998.605
0.493135 50828 998.608
0.493135 50800 998.609
0.492361 50617 998.612
0.492361 50603 998.613
0.492361 50602 998.614
0.492361 50583 998.617
0.492361 50570 998.618
0.492361 50569 998.619
0.492168 50273 998.62
0.492168 50272 998.621
0.492168 50266 998.622
0.492168 50264 998.623
0.492168 50261 998.624
0.492168 50147 998.626
0.491394 49973 998.627
0.491394 49966 998.628
0.491394 49667 998.631
0.491008 48989 998.634
0.490621 48657 998.636
0.490621 48644 998.638
0.490041 48510 998.64
0.490041 48492 998.641
0.490041 48162 998.642
0.490041 47873 998.645
0.489847 47689 998.647
0.48946 47327 998.651
0.489267 46879 998.653
0.48888 46610 998.657
0.488687 46601 998.659
0.488494 46475 998.665
0.488494 46472 998.667
0.4883 46199 998.67
0.4883 46060 998.673
0.487913 45780 998.676
0.487913 45765 998.679
0.487913 45764 998.682
0.487913 45763 998.689
0.48772 45521 998.696
0.48772 45177 998.697
0.486946 44771 998.704
0.486946 44769 998.705
0.486366 44455 998.706
0.486173 44148 998.708
0.486173 44131 998.709
0.484432 43930 998.711
0.484432 43600 998.713
0.483659 43013 998.714
0.483659 42997 998.715
0.483465 42702 998.716
0.480951 41741 998.718
0.480951 41670 998.719
0.480371 41225 998.72
0.480371 41165 998.721
0.479985 40931 998.724
0.479985 40912 998.725
0.479598 40584 998.726
0.478824 39912 998.727
0.477471 39688 998.728
0.475537 39163 998.729
0.473603 38733 998.731
0.471089 37717 998.732
0.471089 37713 998.733
0.470895 37566 998.735
0.470895 37535 998.736
0.469155 37191 998.737
0.469155 37177 998.738
0.468188 36730 998.74
0.465287 36213 998.741
0.462967 35669 998.742
0.462967 35665 998.743
0.462773 35580 998.744
0.46258 35384 998.746
0.461613 35206 998.747
0.460839 34949 998.748
0.459679 34733 998.749
0.457939 34018 998.751
0.457358 33676 998.752
0.457358 33672 998.754
0.457165 33340 998.755
0.456778 33195 998.757
0.455618 32821 998.758
0.455424 32785 998.762
0.453491 32364 998.763
0.452524 32153 998.765
0.45059 32038 998.766
0.45059 32023 998.768
0.45059 32014 998.77
0.45059 32009 998.779
0.450396 31732 999.127
0.450396 31721 999.13
0.448269 31446 999.144
0.448269 31433 999.166
0.448269 31408 999.169
0.448269 31405 999.176
0.447689 31156 999.183
0.447109 30773 999.187
0.447109 30765 999.192
0.446722 30465 999.194
0.446335 30378 999.199
0.446335 30377 999.201
0.445562 30207 999.202
0.445175 30160 999.208
0.445175 30123 999.212
0.445175 30122 999.219
0.445175 30089 999.221
0.445175 30087 999.224
0.445175 30084 999.231
0.444208 29832 999.236
0.444208 29828 999.237
0.444208 29827 999.239
0.443241 29637 999.241
0.441887 29309 999.242
0.441114 29022 999.246
0.438793 28798 999.248
0.437633 28627 999.251
0.437633 28587 999.255
0.437633 28570 999.257
0.43744 28540 999.269
0.43744 28518 999.27
0.43744 28397 999.271
0.436666 27830 999.273
0.435119 27473 999.276
0.434345 27085 999.28
0.434152 27021 999.282
0.434152 27010 999.283
0.433378 26727 999.284
0.433378 26693 999.285
0.433185 26679 999.287
0.432798 26570 999.289
0.431638 26242 999.291
0.431251 26091 999.295
0.430864 26064 999.296
0.430864 26063 999.302
0.430864 26052 999.304
0.430864 26051 999.305
0.430864 26022 999.307
0.430864 25964 999.309
0.430284 25761 999.31
0.429898 25387 999.312
0.429898 25386 999.313
0.429511 25351 999.314
0.428931 25310 999.315
0.428931 25280 999.319
0.42835 25164 999.322
0.42835 25158 999.324
0.42835 25157 999.327
0.42777 24831 999.329
0.42603 24635 999.336
0.422936 24476 999.346
0.422742 24471 999.348
0.420808 24083 999.351
0.420228 23755 999.355
0.420228 23445 999.358
0.420035 23320 999.36
0.419455 23260 999.363
0.418681 23215 999.367
0.418488 23209 999.386
0.418488 23200 999.389
0.418488 23164 999.39
0.417521 23126 999.392
0.417327 23126 999.393
0.417327 23120 999.395
0.417327 23110 999.399
0.417327 23109 999.4
0.417327 23099 999.403
0.416941 22898 999.406
0.416554 22819 999.409
0.416554 22816 999.952
0.415007 22676 999.955
0.41404 22587 999.976
0.41404 22583 999.979
0.41404 22582 999.988
0.41404 22581 999.998
0.413266 22475 1000
0.413073 22258 1000.01
0.409979 21993 1000.02
0.406111 21649 1000.03
0.405531 21603 1000.04
0.404757 21231 1000.06
0.399729 20043 1000.07
0.397795 19829 1000.08
0.393734 19505 1000.09
0.392574 18809 1000.1
0.385999 18327 1000.11
0.378457 16819 1000.12
0.370915 16100 1000.13
0.365693 15574 1000.14
0.349836 14498 1000.15
0.346935 13699 1000.16
0.345775 13426 1000.17
0.341713 13119 1000.18
0.340553 12945 1000.19
0.339586 12544 1000.77
0.339199 12516 1000.78
0.338426 12468 1000.79
0.338232 12389 1000.81
0.337846 12362 1000.82
0.337846 12358 1000.83
0.337846 12345 1000.85
0.336299 12084 1000.86
0.336105 12058 1000.87
0.336105 12057 1000.88
0.33011 11427 1000.89
0.324309 10585 1000.9
0.312705 10124 1000.91
0.311932 9936 1000.92
0.309611 9614 1000.93
0.304196 9135 1000.94
0.289693 7780 1000.95
0.288919 7724 1000.96
0.286212 7447 1000.97
0.269967 6682 1000.98
0.255076 6006 1000.99
0.240379 5653 1001
0.239799 5629 1001.01
0.235544 5275 1001.61
0.235544 5271 1001.64
0.235158 5223 1001.65
0.234771 4942 1001.66
0.234577 4909 1001.68
0.234577 4908 1001.69
0.234577 4907 1001.71
0.222588 4484 1001.72
0.216206 3932 1001.74
0.216012 3887 1001.75
0.198994 3212 1001.76
0.182557 2492 1001.77
0.172887 2266 1001.78
0.172694 2247 1001.79
0.1725 2247 1001.8
0.160897 1711 1001.81
0.154902 1678 1001.83
0.154129 1636 1002.47
0.153935 1620 1002.51
0.153742 1617 1002.53
0.141172 1331 1002.54
0.133243 1181 1002.58
0.129569 1096 1002.59
0.095146 631 1002.6
0.0821891 517 1002.61
0.0789016 476 1002.62
0.0669116 445 1002.63
0.0454458 260 1002.65
0.0427383 230 1003.36
0.0411913 191 1003.4
0.0409979 186 1003.41
0.0172114 38 1003.43
0.0146974 35 1003.45
0.00444788 4 1004.23
