0.550709 76207
0.550579 76164
0.550293 75986
0.550107 75851
0.550085 75707
0.550066 75550
0.549961 75393
0.549716 75244
0.549665 75087
0.549383 74926
0.549368 74767
0.549079 74597
0.548714 74447
0.54857 74239
0.54818 74045
0.548159 73860
0.548147 73674
0.548077 73493
0.547676 73307
0.547401 73126
0.547139 72945
0.547072 72756
0.546803 72561
0.546759 72376
0.546435 72189
0.546216 71980
0.546079 71787
0.545495 71595
0.544993 71385
0.544948 71169
0.544502 70944
0.54429 70707
0.544087 70475
0.543951 70260
0.543527 70055
0.543405 69809
0.543276 69558
0.543232 69334
0.542843 69078
0.542754 68833
0.542494 68603
0.542368 68364
0.542197 68113
0.541883 67862
0.541653 67606
0.541406 67334
0.541195 67090
0.540555 66808
0.540309 66549
0.540029 66291
0.539819 66006
0.539561 65730
0.539301 65479
0.538991 65191
0.538829 64926
0.538579 64612
0.538348 64307
0.538099 64050
0.537803 63796
0.53751 63493
0.537005 63239
0.536176 62943
0.535712 62667
0.535431 62390
0.535128 62096
0.534748 61792
0.534098 61508
0.533689 61211
0.533275 60941
0.532955 60632
0.532509 60315
0.531968 59983
0.531671 59633
0.531092 59315
0.53069 59013
0.52968 58692
0.52925 58382
0.528461 58041
0.527807 57736
0.52743 57439
0.527142 57136
0.526576 56787
0.526129 56484
0.52522 56161
0.524759 55852
0.524427 55543
0.523981 55199
0.52329 54846
0.522619 54477
0.522094 54129
0.521707 53798
0.521235 53477
0.52074 53119
0.520093 52763
0.519554 52431
0.518894 52042
0.517984 51688
0.517278 51347
0.516468 51020
0.51578 50657
0.515204 50312
0.515042 49941
0.514588 49565
0.514004 49210
0.513276 48856
0.512482 48497
0.511857 48115
0.511061 47734
0.510542 47387
0.509637 47036
0.509185 46692
0.508486 46349
0.508088 45992
0.507511 45626
0.507261 45250
0.506633 44896
0.505912 44565
0.505697 44191
0.50494 43847
0.504377 43471
0.503648 43115
0.502742 42798
0.502206 42443
0.501901 42070
0.501348 41698
0.500686 41338
0.499725 40963
0.498808 40592
0.497291 40208
0.496369 39873
0.495689 39550
0.495136 39183
0.494463 38845
0.492854 38448
0.491783 38103
0.490928 37803
0.490192 37445
0.489513 37093
0.488644 36738
0.487655 36349
0.486862 36000
0.485821 35642
0.483815 35242
0.482685 34868
0.481948 34558
0.480818 34186
0.480414 33858
0.478944 33513
0.478177 33174
0.476892 32816
0.475865 32448
0.474301 32069
0.473042 31751
0.472144 31388
0.470311 31014
0.469066 30678
0.468346 30323
0.467219 29974
0.465812 29673
0.464247 29299
0.462588 28966
0.461413 28660
0.459961 28343
0.458721 27997
0.457915 27689
0.456719 27350
0.455273 27010
0.453743 26682
0.452474 26370
0.451009 26037
0.448313 25701
0.446834 25386
0.445204 25053
0.443818 24753
0.441892 24445
0.440763 24102
0.439713 23810
0.43868 23474
0.437199 23159
0.435672 22867
0.4349 22591
0.433356 22307
0.431901 22025
0.431164 21730
0.42982 21442
0.427712 21133
0.426663 20860
0.424107 20552
0.422773 20251
0.421131 19961
0.42007 19716
0.418589 19401
0.41759 19147
0.415608 18872
0.414055 18618
0.412603 18324
0.410703 18057
0.409208 17791
0.407685 17507
0.406541 17260
0.404384 16973
0.403247 16737
0.400732 16483
0.399042 16233
0.396668 15968
0.393931 15741
0.391256 15500
0.389468 15259
0.387669 15057
0.386423 14831
0.384217 14610
0.382615 14382
0.38068 14164
0.378332 13916
0.37626 13701
0.375174 13472
0.373134 13230
0.370553 12990
0.36828 12775
0.365238 12548
0.362793 12324
0.360503 12130
0.35851 11954
0.354279 11747
0.352472 11582
0.349699 11376
0.347912 11180
0.344785 10992
0.341491 10799
0.338756 10596
0.336145 10407
0.333283 10200
0.330928 10057
0.328884 9892
0.32701 9704
0.324555 9521
0.322281 9327
0.319114 9161
0.316504 9001
0.313785 8843
0.310646 8681
0.308098 8539
0.305456 8391
0.302808 8244
0.300552 8092
0.29831 7959
0.296278 7823
0.292817 7664
0.291404 7534
0.28869 7395
0.285872 7256
0.284418 7132
0.282285 7008
0.279691 6865
0.276726 6741
0.273952 6611
0.269726 6473
0.267727 6348
0.26573 6237
0.263217 6112
0.261245 5988
0.257543 5854
0.25473 5744
0.250986 5626
0.248019 5509
0.24473 5388
0.242218 5275
0.23982 5158
0.237117 5052
0.234184 4936
0.231894 4826
0.229109 4732
0.226223 4639
0.222699 4522
0.219994 4433
0.217087 4333
0.215369 4247
0.212549 4144
0.209041 4033
0.204717 3925
0.202777 3840
0.200094 3772
0.197054 3680
0.194411 3602
0.192504 3532
0.190265 3456
0.187781 3384
0.184951 3320
0.183212 3243
0.179904 3170
0.178205 3094
0.176751 3043
0.173729 2970
0.170455 2894
0.168209 2838
0.16583 2782
0.163532 2719
0.161753 2665
0.159543 2604
0.157874 2548
0.156159 2495
0.154287 2455
0.152699 2414
0.150458 2362
0.147645 2296
0.145086 2234
0.142935 2187
0.139611 2125
0.137888 2077
0.135376 2035
0.13324 1988
0.13097 1941
0.128844 1889
0.126349 1833
0.124429 1782
0.121916 1742
0.119262 1687
0.117947 1652
0.115386 1606
0.112807 1561
0.11138 1532
0.109037 1494
0.107048 1455
0.104808 1413
0.102991 1375
0.100269 1336
0.0987188 1308
0.0978482 1278
0.0954831 1236
0.0926754 1195
0.0904266 1161
0.0889784 1128
0.0858949 1089
0.0839346 1054
0.0826525 1031
0.0807006 1002
0.0794955 978
0.0780465 951
0.0767218 930
0.0750332 905
0.0732867 881
0.0718751 856
0.0705821 834
0.0696279 809
0.0681327 790
0.0668327 769
0.0656657 756
0.0643213 737
0.0618344 702
0.0601227 675
0.0581776 655
0.056458 636
0.0548558 614
0.0532728 598
0.0512853 576
0.0502644 564
0.0489582 544
0.0479222 529
0.0470047 518
0.0455493 500
0.0436852 480
0.042526 466
0.04134 453
0.0408183 439
0.0395187 426
0.0378058 407
0.03706 395
0.0362561 384
0.0354805 375
0.0346008 357
0.0341968 348
0.0333572 341
0.0321444 325
0.0317489 319
0.0309581 312
0.0301512 300
0.0291086 290
0.0285228 283
0.0279972 275
0.0270324 265
0.0265072 259
0.0259169 252
0.0255037 248
0.0249838 242
0.0248625 239
0.0245857 237
0.0238184 228
0.0232778 222
0.022508 216
0.021571 206
0.0211881 199
0.0206727 194
0.0203934 189
0.0202568 188
0.0194613 179
0.0190538 172
0.0182421 164
0.0174695 158
0.0168157 152
0.0161257 147
0.0153626 138
0.0149478 134
0.0144063 128
0.0136441 122
0.0133434 120
0.0129493 117
0.0128197 114
0.012572 111
0.012455 110
0.0123197 108
0.0120424 104
0.0116445 101
0.0108619 95
0.0107271 94
0.0100759 88
0.00982311 84
0.00918886 79
0.0086811 75
0.00855557 74
0.0084236 73
0.00773393 68
0.0073366 64
0.00695968 60
0.00669437 58
0.00616844 53
0.00590568 51
0.0057763 49
0.00551 46
0.00525192 44
0.00499036 42
0.0047229 40
0.00459373 39
0.00446238 37
0.00432849 36
0.00420067 35
0.00407894 34
0.00392934 33
0.00392505 32
0.00392505 31
0.00366474 29
0.00355066 28
0.00340783 27
0.00328976 26
0.00316578 25
0.00277105 22
0.00264474 21
0.00238099 19
0.00225789 18
0.00212505 17
0.00197906 16
0.00185429 15
0.00171723 14
0.00158923 13
0.00158923 12
0.00145738 11
0.00120116 9
0.00107832 8
0.000949633 7
0.000822697 6
0.000541593 4
0.000269294 2
0.000139997 1
0 0
