0.779346 76207 1105.76
0.779153 76164 1105.77
0.778766 75986 1105.78
0.778573 75851 1105.79
0.778573 75707 1105.8
0.778573 75550 1105.81
0.778573 75393 1105.82
0.778186 75244 1105.83
0.778186 75087 1105.84
0.777799 74926 1105.85
0.777799 74767 1105.86
0.777412 74597 1105.87
0.776832 74447 1105.88
0.776832 74239 1105.89
0.776059 74045 1105.9
0.776059 73860 1105.91
0.776059 73674 1105.92
0.776059 73493 1105.93
0.775479 73307 1105.94
0.775092 73126 1105.95
0.774898 72945 1105.96
0.774898 72756 1105.97
0.774512 72561 1105.98
0.774512 72376 1105.99
0.774125 72189 1106
0.773932 71980 1106.01
0.773738 71787 1106.02
0.772965 71595 1106.03
0.772191 71385 1106.04
0.772191 71169 1106.05
0.771611 70944 1106.06
0.771224 70707 1106.07
0.770837 70475 1106.08
0.770451 70260 1106.09
0.76987 70055 1106.1
0.769677 69809 1106.11
0.769677 69558 1106.12
0.769677 69334 1106.13
0.769097 69078 1106.14
0.769097 68833 1106.15
0.76871 68603 1106.16
0.768517 68364 1106.17
0.768323 68113 1106.18
0.767937 67862 1106.19
0.76755 67606 1106.2
0.767163 67334 1106.21
0.766776 67090 1106.22
0.766003 66808 1106.23
0.765809 66549 1106.24
0.765616 66291 1106.25
0.765423 66006 1106.26
0.765036 65730 1106.27
0.764649 65479 1106.28
0.764262 65191 1106.29
0.764069 64926 1106.3
0.763489 64612 1106.31
0.763295 64307 1106.32
0.762909 64050 1106.33
0.762522 63796 1106.34
0.762328 63493 1106.35
0.761748 63239 1106.36
0.760588 62943 1106.37
0.760008 62667 1106.38
0.759621 62390 1106.39
0.759234 62096 1106.4
0.758847 61792 1106.41
0.75788 61508 1106.42
0.757494 61211 1106.43
0.756914 60941 1106.44
0.756527 60632 1106.45
0.756333 60315 1106.46
0.755753 59983 1106.47
0.755366 59633 1106.48
0.754786 59315 1106.49
0.754206 59013 1106.5
0.753046 58692 1106.51
0.752659 58382 1106.52
0.751692 58041 1106.53
0.750919 57736 1106.54
0.750338 57439 1106.55
0.749952 57136 1106.56
0.749178 56787 1106.57
0.748791 56484 1106.58
0.747051 56161 1106.59
0.746471 55852 1106.6
0.746084 55543 1106.61
0.745504 55199 1106.62
0.744343 54846 1106.63
0.74357 54477 1106.64
0.742603 54129 1106.65
0.742216 53798 1106.66
0.741829 53477 1106.67
0.741249 53119 1106.68
0.740089 52763 1106.69
0.739315 52431 1106.7
0.738542 52042 1106.71
0.737382 51688 1106.72
0.736415 51347 1106.73
0.735641 51020 1106.74
0.734868 50657 1106.75
0.734094 50312 1106.76
0.734094 49941 1106.77
0.733514 49565 1106.78
0.732547 49210 1106.79
0.73158 48856 1106.8
0.730806 48497 1106.81
0.730033 48115 1106.82
0.728873 47734 1106.83
0.728292 47387 1106.84
0.726939 47036 1106.85
0.726359 46692 1106.86
0.725585 46349 1106.87
0.725198 45992 1106.88
0.724618 45626 1106.89
0.724425 45250 1106.9
0.723651 44896 1106.91
0.722491 44565 1106.92
0.722104 44191 1106.93
0.721137 43847 1106.94
0.720557 43471 1106.95
0.719783 43115 1106.96
0.718623 42798 1106.97
0.718043 42443 1106.98
0.71785 42070 1106.99
0.717076 41698 1107
0.716109 41338 1107.01
0.714949 40963 1107.02
0.713982 40592 1107.03
0.711661 40208 1107.04
0.710501 39873 1107.05
0.709727 39550 1107.06
0.708954 39183 1107.07
0.707987 38845 1107.08
0.70586 38448 1107.09
0.704313 38103 1107.1
0.703152 37803 1107.11
0.702185 37445 1107.12
0.701218 37093 1107.13
0.700058 36738 1107.14
0.698898 36349 1107.15
0.697931 36000 1107.16
0.696384 35642 1107.17
0.693483 35242 1107.18
0.691936 34868 1107.19
0.691162 34558 1107.2
0.689615 34186 1107.21
0.689228 33858 1107.22
0.686908 33513 1107.23
0.685941 33174 1107.24
0.6842 32816 1107.25
0.682847 32448 1107.26
0.680719 32069 1107.27
0.678786 31751 1107.28
0.677625 31388 1107.29
0.675111 31014 1107.3
0.673371 30678 1107.31
0.672404 30323 1107.32
0.670857 29974 1107.33
0.668923 29673 1107.34
0.666796 29299 1107.35
0.664475 28966 1107.36
0.662928 28660 1107.37
0.660994 28343 1107.38
0.659447 27997 1107.39
0.658287 27689 1107.4
0.65674 27350 1107.41
0.654806 27010 1107.42
0.652678 26682 1107.43
0.650938 26370 1107.44
0.649004 26037 1107.45
0.645136 25701 1107.46
0.643009 25386 1107.47
0.640688 25053 1107.48
0.638948 24753 1107.49
0.636434 24445 1107.5
0.634693 24102 1107.51
0.63334 23810 1107.52
0.631986 23474 1107.53
0.629665 23159 1107.54
0.627538 22867 1107.55
0.626571 22591 1107.56
0.624251 22307 1107.57
0.622317 22025 1107.58
0.62135 21730 1107.59
0.619416 21442 1107.6
0.616709 21133 1107.61
0.615355 20860 1107.62
0.611681 20552 1107.63
0.60994 20251 1107.64
0.607619 19961 1107.65
0.606266 19716 1107.66
0.604138 19401 1107.67
0.602785 19147 1107.68
0.599884 18872 1107.69
0.59795 18618 1107.7
0.596016 18324 1107.71
0.593502 18057 1107.72
0.591375 17791 1107.73
0.589248 17507 1107.74
0.587701 17260 1107.75
0.584606 16973 1107.76
0.583059 16737 1107.77
0.579772 16483 1107.78
0.577258 16233 1107.79
0.57397 15968 1107.8
0.570102 15741 1107.81
0.566428 15500 1107.82
0.563914 15259 1107.83
0.5614 15057 1107.84
0.559466 14831 1107.85
0.556372 14610 1107.86
0.554051 14382 1107.87
0.551344 14164 1107.88
0.548056 13916 1107.89
0.544962 13701 1107.9
0.543415 13472 1107.91
0.540708 13230 1107.92
0.537227 12990 1107.93
0.534133 12775 1107.94
0.529685 12548 1107.95
0.526204 12324 1107.96
0.522916 12130 1107.97
0.520015 11954 1107.98
0.51402 11747 1107.99
0.511506 11582 1108
0.507639 11376 1108.01
0.505125 11180 1108.02
0.50087 10992 1108.03
0.496422 10799 1108.04
0.492555 10596 1108.05
0.48888 10407 1108.06
0.484819 10200 1108.07
0.481532 10057 1108.08
0.478631 9892 1108.09
0.476117 9704 1108.1
0.472442 9521 1108.11
0.469155 9327 1108.12
0.464707 9161 1108.13
0.461033 9001 1108.14
0.456972 8843 1108.15
0.45233 8681 1108.16
0.448656 8539 1108.17
0.444788 8391 1108.18
0.440921 8244 1108.19
0.437633 8092 1108.2
0.434539 7959 1108.21
0.431638 7823 1108.22
0.426803 7664 1108.23
0.425063 7534 1108.24
0.421195 7395 1108.25
0.417134 7256 1108.26
0.415007 7132 1108.27
0.411913 7008 1108.28
0.408238 6865 1108.29
0.403984 6741 1108.3
0.399923 6611 1108.31
0.393734 6473 1108.32
0.390833 6348 1108.33
0.387739 6237 1108.34
0.384258 6112 1108.35
0.381358 5988 1108.36
0.375943 5854 1108.37
0.371882 5744 1108.38
0.366467 5626 1108.39
0.362212 5509 1108.4
0.357378 5388 1108.41
0.353703 5275 1108.42
0.350222 5158 1108.43
0.346355 5052 1108.44
0.3421 4936 1108.45
0.338813 4826 1108.46
0.334751 4732 1108.47
0.33069 4639 1108.48
0.325662 4522 1108.49
0.321795 4433 1108.5
0.31754 4333 1108.51
0.315026 4247 1108.52
0.310965 4144 1108.53
0.305937 4033 1108.54
0.299555 3925 1108.55
0.296848 3840 1108.56
0.29298 3772 1108.57
0.288532 3680 1108.58
0.284664 3602 1108.59
0.281957 3532 1108.6
0.27867 3456 1108.61
0.275189 3384 1108.62
0.271127 3320 1108.63
0.268613 3243 1108.64
0.263779 3170 1108.65
0.261265 3094 1108.66
0.259137 3043 1108.67
0.25469 2970 1108.68
0.250048 2894 1108.69
0.246761 2838 1108.7
0.24328 2782 1108.71
0.239992 2719 1108.72
0.237285 2665 1108.73
0.233997 2604 1108.74
0.231483 2548 1108.75
0.228969 2495 1108.76
0.226262 2455 1108.77
0.223941 2414 1108.78
0.220654 2362 1108.79
0.216593 2296 1108.8
0.212918 2234 1108.81
0.209824 2187 1108.82
0.204989 2125 1108.83
0.202475 2077 1108.84
0.198608 2035 1108.85
0.195513 1988 1108.86
0.192226 1941 1108.87
0.189132 1889 1108.88
0.185457 1833 1108.89
0.182557 1782 1108.9
0.178882 1742 1108.91
0.174821 1687 1108.92
0.172887 1652 1108.93
0.169213 1606 1108.94
0.165345 1561 1108.95
0.163218 1532 1108.96
0.159737 1494 1108.97
0.156836 1455 1108.98
0.153549 1413 1108.99
0.150841 1375 1109
0.146974 1336 1109.01
0.144653 1308 1109.02
0.143299 1278 1109.03
0.139818 1236 1109.04
0.135757 1195 1109.05
0.13247 1161 1109.06
0.130342 1128 1109.07
0.125894 1089 1109.08
0.122994 1054 1109.09
0.12106 1031 1109.1
0.118159 1002 1109.11
0.116418 978 1109.12
0.114291 951 1109.13
0.112357 930 1109.14
0.109843 905 1109.15
0.107329 881 1109.16
0.105202 856 1109.17
0.103268 834 1109.18
0.101915 809 1109.19
0.0997873 790 1109.2
0.0978534 769 1109.21
0.0961129 756 1109.22
0.0941791 737 1109.23
0.0905047 702 1109.24
0.0879907 675 1109.25
0.0850899 655 1109.26
0.0825759 636 1109.27
0.0802553 614 1109.28
0.0779346 598 1109.29
0.0750338 576 1109.3
0.0734868 564 1109.31
0.0715529 544 1109.32
0.0700058 529 1109.33
0.0686521 518 1109.34
0.0665249 500 1109.35
0.0638174 480 1109.36
0.062077 466 1109.37
0.0603365 453 1109.38
0.0595629 439 1109.39
0.0576291 426 1109.4
0.0551151 407 1109.41
0.0541481 395 1109.42
0.0529878 384 1109.43
0.0518275 375 1109.44
0.0504738 357 1109.45
0.0498936 348 1109.46
0.0487333 341 1109.47
0.0469928 325 1109.48
0.0464127 319 1109.49
0.0452524 312 1109.5
0.0440921 300 1109.51
0.042545 290 1109.52
0.0417714 283 1109.53
0.0409979 275 1109.54
0.0396442 265 1109.55
0.0388706 259 1109.56
0.0380971 252 1109.57
0.0375169 248 1109.58
0.0367434 242 1109.59
0.03655 239 1109.6
0.0361632 237 1109.61
0.0350029 228 1109.62
0.0342294 222 1109.63
0.033069 216 1109.64
0.0317153 206 1109.65
0.0311352 199 1109.66
0.0303616 194 1109.67
0.0299749 189 1109.68
0.0297815 188 1109.69
0.0286212 179 1109.7
0.028041 172 1109.71
0.0268807 164 1109.72
0.0257204 158 1109.73
0.0247534 152 1109.74
0.0237865 147 1109.75
0.0226262 138 1109.76
0.022046 134 1109.77
0.0212725 128 1109.78
0.0201122 122 1109.79
0.0197254 120 1109.8
0.0191452 117 1109.81
0.0189518 114 1109.82
0.0185651 111 1109.83
0.0183717 110 1109.84
0.0181783 108 1109.85
0.0177915 104 1109.86
0.0172114 101 1109.87
0.0160511 95 1109.88
0.0158577 94 1109.9
0.0148907 88 1109.91
0.014504 84 1109.92
0.013537 79 1109.93
0.0127635 75 1109.94
0.0125701 74 1109.95
0.0123767 73 1109.96
0.0114098 68 1109.98
0.0108296 64 1109.99
0.0102495 60 1110
0.0098627 58 1110.01
0.00908915 53 1110.02
0.00870238 51 1110.03
0.00850899 49 1110.04
0.00812222 46 1110.06
0.00773545 44 1110.07
0.00734868 42 1110.08
0.0069619 40 1110.09
0.00676852 39 1110.11
0.00657513 37 1110.12
0.00638174 36 1110.13
0.00618836 35 1110.14
0.00599497 34 1110.16
0.00580159 33 1110.17
0.00580159 32 1110.18
0.00580159 31 1110.19
0.00541481 29 1110.2
0.00522143 28 1110.23
0.00502804 27 1110.24
0.00483465 26 1110.26
0.00464127 25 1110.29
0.00406111 22 1110.3
0.00386772 21 1110.31
0.00348095 19 1110.32
0.00328757 18 1110.33
0.00309418 17 1110.39
0.00290079 16 1110.43
0.00270741 15 1110.44
0.00251402 14 1110.49
0.00232063 13 1110.5
0.00232063 12 1110.56
0.00212725 11 1110.63
0.00174048 9 1110.64
0.00154709 8 1110.65
0.0013537 7 1110.66
0.00116032 6 1110.68
0.000773545 4 1110.71
0.000386772 2 1110.79
0.000193386 1 1110.82
0 0 1.79769e+308
